7281
7360
6346
8713
7004
7456
7518
7675
8031
5711
6786
8565
6820
4955
9309
4633
8699
8275
5943
5692
8285
7966
8171
9209
9249
6227
7325
6701
7560
7640
7868
7894
6635
7534
6593
5364
6344
7049
7534
3998
7623
5489
8743
7065
6946
8338
8136
7045
7131
6572
8235
7640
6415
6028
6296
6939
7399
7557
7929
8759
8051
6168
7766
9167
7861
6611
9248
8095
6590
6618
7884
7038
8029
7571
7559
8357
7578
5654
6894
8312
6691
7441
6061
7875
5727
6323
7401
6773
6610
6672
6870
7815
8356
6148
8413
7923
7677
7467
8122
8767
7752
6726
6547
7202
5488
7441
8024
7978
7548
8310
6744
7219
7343
7949
7354
7435
6439
7972
7840
8871
6387
6534
7952
7669
9100
8010
8816
6508
6857
6753
4731
7496
8229
6852
8378
7424
7165
6549
7988
8854
7742
7874
7187
7566
8055
8599
8308
6526
6804
5735
6690
6739
7713
8282
6994
6866
6625
6031
8100
7182
6545
6441
6233
6899
7120
6599
7238
8350
6890
8203
8266
5858
8856
6934
6188
8674
8384
8749
6111
7736
7651
7032
6947
6994
5676
5805
8740
7755
8541
8463
7724
8131