2998
4186
3522
3170
2657
2583
3305
2178
905
2936
2459
2033
2707
3579
3197
2978
3430
3223
1800
3158
3460
3370
2227
2424
2805
3159
3502
2909
3732
2176
3330
4003
3090
2656
4190
3143
3456
2957
2120
3497
3091
3551
2549
3460
3138
3464
2824
1614
3046
2806
1305
2393
3254
3541
4059
3731
4442
3041
3192
2954
3762
3045
2764
2638
4454
3311
2808
3178
3366
3353
2829
2733
2850
3461
3663
3000
2330
2928
3624
3905
3025
3325
2177
3143
3441
2742
871
3838
3281
3935
3160
3062
3400
2012
3700
3837
1980
3464
2925
3317
2778
3884
2463
3257
3051
4134
2582
3547
2206
3268
4296
2574
1576
2683
3441
2402
3562
3536
3153
2708
3584
3487
3296
3892
2613
3435
3976
3534
3148
2945
4644
3466
3616
2237
3952
3289
3610
3506
1746
2781
2425
2174
2656
2953
3173
2161
3674
3075
2359
3462
3344
2846
1986
3918
1922
1839
1434
2614
3065
3865
3308
3590
3874
2263
3288
2501
2687
3224
3090
2287
2456
2971
2063
2986
2688
3323
3451
2426
2671
2935
2602
3981
2265
1735
3217
3594
3887
2333
2214
2954
2709
2977
3965
2879
3412
2736
3896
2463
3073
2905
1954
2033
1260
1547
3443
3196
2400
1955
3197
3509
3713
3917
3577
2873
2987
2989
2263
1489
3594
3206
1565
2827
2444
2634
3459
2953
2918
3082
2679
3304
3122
2751
3427
2553
3928
2291
2718
2491
3007
2838
3869
1658
2215
4280
1219
3627
1134
3312
3945
2404
3623
3158
3844
2788
4019
2388
2602
2759
3097
2635
4102
2943
3832
3559
3905
3075
3569
2153
2916
2794
2128
3019
2983
3291
3901
3634
1738
3009
4109
3456
2707
1985
3515
1751
2981
2841
1860
3299
3511
2194
3430
2608
3189
2846
3587
3177
3030
3267
1746
2495
4010
2391
2667
3812
2979
3729
3910
3504
2643
3024
3101
2977
2590
2873
3589
3941
2744
3483
3049
3398
2762
2821
2340
2815
3989
3084
3591
1491
4246
4024
2585
2153
3501
1979
2271
3093
2347
4324
3428
3323
4082
2320
3411
2495
2453
3636
3759
3784
2626
3408
2667
1775
3421
3749
3035
2397
2439
3199
2422
3231
2179
3514
2324
2674
3641
3240
2728
4058
2812
3135
3725
3343
1598
1970
3417
2878
2571
2863
2742
1645
4187
2388
2997
3320
3774
3073
2583
3750
2251
2490
2516
3467
3124
3301
3663
1915
2749
3512
2584
2351
2948
2217
4310
2327
3478
2836
2251
2435
3535
3634
3301
3189
2119
3418
3517
3093
4146
3615
2910
3946
3209
2318
4072
3362
3088
3997
2912
2778
2945
2284
2858
2707
1873
1057
2678
3948
2075
4196
3849
2997
2670
3389
3394
2704
2706
2826
2321
3141
2722
3052
3966
3232
2617
3406
2356
2885
1269
3323
3445
3023
3608
3515
2876
3597
3754
2942
3134
2921
3428
1766
3466
3260
4006
2512
1782
3270
3053
3133
2767
4143
3136
3421
2797
2964
3638
3514
3479
3372
3140
4080
3887
2974
2634
3300
3317
2235
2970
1927
4215
2175
4628
3531
3010
3073
2227
2734
2386
1773
1326
3154
3215
4462
3033
3611
2885
2800
2583
3359
836
3564
3412
2238
2601
2511
4245
2748
2729
3737
2585
3344
2215
2620
4391
3720
2306
3960
3048
3386
2080
3509
3674
2013
3224
3456
3615
2754
3814
4078
3534
2765
2050
3759
4007
1409
3938
3741
2775
2198
2396
2737
2951
2985
3276
2596
3575
2301
2264
2510
3924
3521
4191
2451
2761
3569
3401
3804
3442
3170
3402
3623
3354
2419
2959
2505
2510
2707
2581
3108
2696
4080
2235
3326
4115
3271
2186
3870
3178
2815
3436
2954
2925
3225
3830
3215
3127
1443
2866
2116
2922
3408
4373
3014
2340
3444
2800
2214
4008
3310
2419
3804
3145
3502
1624
3313
3116
3755
1920
970
2920
3299
2229
3245
3063
1831
3313
2549
2417
3455
3437
2841
2267
3191
2799
2208
3198
2854
3292
2454
3503
2407
3196
2048
2704
2638
3898
3339
3803
3280
2800
2967
3376
2574
3596
2651
2831
3793
2373
2200
4181
4071
3224
2462
3678
4063
2250
2128
2129
2764
2448
2383
2817
3716
4483
3576
4477
2749
3347
2686
3226
1951
2972
3711
3717
3083
2603
3181
4434
2363
2595
2697
3025
3277
2660
3086
3094
1975
3362
3288
2279
3072
3184
2107
4087
2959
2086
2421
3555
2090
2297
2582
3079
4081
4090
2350
3063
2477
2077
3152
2627
3719
1509
4052
2057
3294
3582
3108
4156
2025
3120
3154
3325
3685
2894
3088
4017
2817
2111
3165
1137
3116
3086
2379
3749
3363
3827
3260
2653
3140
3588
3212
2577
2111
1876
3174
3077
2175
3069
1391
2782
2553
3605
2714
3300
2793
2988
4124
2534
3718
2323
3762
2893
2546
3066
3501
2598
3374
2702
2681
3931
3619
3049
1297
3899
3992
3151
2767
4660
2929
3152
2941
2781
2927
3949
3294
3166
2996
3935
2011
2101
2540
2988
3734
2589
3601
3508
3309
1712
3707
2705
2491
2692
2677
3337
2737
3606
2826
2885
2527
3746
2614
2335
3010
2795
2986
2795
2647
3824
3814
2626
3609
3171
3234
1948
3784
1867
3513
2322
3442
2796
1582
2690
2591
3036
3720
3310
3727
3130
3599
1793
2569
3208
3694
3083
3413
2485
3416
2801
3497
1946
3712
3288
3364
3362
2405
3530
1744
3217
3721
2801
2107
3396
2612
4344
3418
3231
2664
3662
3479
3726
2021
3223
3088
1866
3136
2161
2661
3020
2961
3586
2859
3548
2633
3614
4231
3105
3372
3073
2348
3032
3335
4093
2164
2739
2725
3206
2433
2224
3795
3630
2686
3413
3252
3069
3817
3373
3569
4190
1771
3069
3854
3804
2452
3437
3538
2574
2213
2818
3471
3622
2264
2490
3151
3679
3244
3432
1912
3752
3831
3561
2518
2721
2875
2622
3505
2983
3400
1958
4174
4184
3500
3134
2762
2087
2887
3757
2940
4034
2394
1891
3544
2736
3543
2358
3545
2622
3467
3594
3313
1814
2947
2495
3375
3764
2374
3020
3532
3697
959
3127
1874
3331
2375
3032
3212
3089
2871
2129
3312
3209
4138